****
0006
0007
0008
0009
0011
0018
0019
0020
0021
0023
0025
0026
0027
0028
0029
0030
0050
0060
0062
0072
0080
0081
0082
0083
0084
0085
0086
0089
0090
0095
0098
0099
0101
0102
0105
0106
0107
0110
0119
0120
0130
0131
0132
0134
0135
0136
0140
0142
0150
0160
0170
0180
0181
0184
0185
0186
0187
0188
0189
0190
0193
0198
0199
0201
0203
0204
0205
0212
0221
0222
0223
0230
0233
0235
0241
0243
0244
0246
0249
0260
0270
0299
0301
0302
0303
0304
0305
0306
0309
0312
0313
0316
0318
0319
0322
0326
0330
0332
0334
0335
0340
0341
0342
0343
0344
0345
0346
0347
0350
0351
0354
0355
0356
0357
0359
0360
0361
0362
0379
0382
0385
0388
0389
0390
0391
0392
0393
0394
0398
0399
0401
0403
0404
0405
0406
0408
0410
0413
0414
0415
0421
0430
0434
0435
0436
0437
0440
0454
0455
0457
0458
0459
0460
0462
0470
0471
0475
0480
0482
0485
0486
0487
0488
0493
0498
0499
0501
0503
0504
0505
0510
0511
0512
0520
0525
0526
0530
0540
0544
0545
0547
0560
0561
0570
0580
0590
0592
0593
0598
0599
0601
0602
0603
0605
0610
0620
0621
0622
0625
0630
0631
0633
0635
0636
0637
0638
0639
0640
0642
0644
0645
0646
0647
0648
0649
0650
0651
0660
0661
0662
0664
0665
0667
0668
0669
0670
0671
0672
0673
0675
0679
0680
0681
0682
0683
0684
0685
0688
0690
0696
0698
0699
0701
0704
0799
0801
0802
0803
0804
0806
0807
0808
0809
0810
0817
0818
0819
0828
0830
0840
0850
0854
0855
0856
0858
0861
0871
0873
0879
0880
0881
0890
0892
0893
0894
0895
0896
0898
0899
0901
0904
0905
0920
0930
0935
0942
0945
0950
0958
0962
0963
0965
0967
0986
0987
0990
0991
0992
0993
0994
0995
0996
0997
0998
0999
1001
1008
1010
1015
1016
1020
1021
1035
1040
1045
1046
1047
1048
1051
1054
1056
1060
1071
1081
1082
1083
1084
1085
1087
1098
1099
1101
1102
1103
1104
1105
1106
1107
1109
1130
1140
1144
1145
1146
1147
1149
1150
1152
1160
1161
1162
1163
1165
1169
1170
1171
1173
1176
1198
1199
1202
1211
1220
1221
1222
1223
1224
1225
1226
1241
1299
1301
1306
1310
1311
1313
1315
1316
1320
1321
1330
1340
1341
1350
1360
1361
1370
1371
1372
1373
1374
1380
1382
1384
1386
1397
1398
1399
1410
1411
1412
1420
1421
1498
1499
1501
1510
1515
1520
1521
1529
1530
1531
1540
1541
1550
1598
1599
1601
1603
1630
1640
1654
1658
1659
1667
1670
1699
1701
1702
1710
1712
1715
1720
1724
1725
1726
1728
1730
1740
1750
1755
1799
1801
1802
1805
1810
1811
1812
1815
1816
1822
1825
1831
1849
1850
1854
1860
1862
1863
1864
1881
1884
1889
1890
1893
1894
1895
1896
1897
1898
1899
1910
1960
1980
1981
1999
2001
2003
2005
2010
2030
2032
2050
2091
2099
2101
2102
2110
2111
2121
2123
2125
2130
2131
2132
2133
2134
2135
2150
2151
2152
2154
2161
2181
2183
2185
2186
2199
2210
2299
2501
2502
2504
2506
2508
2511
2601
2602
2604
2606
2608
2610
2614
2619
2650
2663
2690
2801
2805
2806
2808
2810
2843
2854
2892
3101
3103
3105
3106
3111
3119
3124
3301
3306
3314
3341
3359
3364
3401
3414
3416
3417
3422
3431
3501
3502
3506
3507
3508
3511
3512
3513
3514
3515
3546
3566
3601
3602
3603
3604
3605
3606
3609
3610
3611
3653
3701
3702
3703
3708
3711
3712
3716
3725
3727
3735
3741
3744
3801
3802
3806
3807
3808
3809
3815
3816
3817
3820
3830
3831
3832
3833
3869
3901
3910
3911
3919
3940
3941
4001
4010
4101
4102
4103
4104
4201
4203
4204
4206
4255
4301
4352
4361
4370
4373
4401
4402
4403
4405
4406
4407
4408
4410
4413
4414
4416
4417
4419
4420
4423
4425
4426
4427
4429
4430
4431
4441
4442
4445
4446
4448
4449
4450
4454
4601
4603
4604
4605
4607
4611
4613
4618
4643
4701
4702
4703
4704
4712
4714
4715
4716
4717
4737
4739
4740
4741
4742
4745
4748
4749
4754
4755
4756
4801
4804
4805
4806
4808
4814
4819
4840
4843
4845
4848
4855
5001
5002
5003
5004
5010
5013
5015
5020
5021
5026
5027
5031
5032
5033
5034
5035
5037
5038
5039
5042
5048
5201
5205
5210
5212
5213
5220
5221
5222
5230
5301
5306
5309
5310
5312
5313
5315
5317
5318
5323
5324
5326
5330
5334
5335
5341
5342
5345
5349
5350
5352
5364
5378
5384
5401
5402
5403
5406
5407
5408
5409
5412
5413
5414
5415
5419
5423
5424
5425
5426
5427
5432
5433
5435
5438
5439
5440
5441
5444
5446
5450
5454
5455
5475
5477
5478
5479
5484
5622
5701
5702
5703
5704
5705
5706
5707
5709
5710
5716
5717
5721
5722
5723
5724
5725
5728
5729
5734
5736
5737
5738
5747
5753
5782
5784
5786
5788
5801
5803
5806
5823
5841
5876
5901
5903
5906
5909
5921
5926
5943
5948
5949
6003
6006
6201
6502
6510
6601
6610
6641
6652
6701
6705
6901
6902
6903
6904
6905
6907
6908
6910
6912
6913
6914
6920
6941
6959
6960
6964
6965
6968
7001
7002
7004
7006
7009
7301
7304
7305
7306
7307
7401
7402
7403
7404
7407
7408
7410
7601
7602
7603
7604
7640
7641
7644
8201
8255
8268
8601
8602
8610
8801
8840
8852
8862
8865
9001
9003
9094
9801
9802
9803
9805
9806
9807
9810
9812
9817
9819
9825
9826
9827
9828
9829
9830
9831
9834
9838
9841
9842
9850
9853
9856
9858
9859
9861
9865
9866
9867
9873
9874
9879
9880
9882
9885
9888
9889
9894
9896
9897
9898
9899
9901
9902
9904
9905
9906
9909
9916
9917
9920
9921
9923
9924
9925
9926
9927
9928
9931
9932
9933
9934
9936
9940
9944
9954
9957
9959
9960
9961
9963
9965
9968
9971
9972
9973
9976
9982
9984
9988
9989
9998
