****
0006
0007
0017
0018
0019
0020
0021
0023
0025
0026
0028
0029
0030
0050
0060
0062
0072
0080
0081
0082
0083
0084
0085
0086
0089
0090
0095
0099
0101
0102
0105
0106
0110
0119
0120
0130
0131
0132
0134
0135
0136
0140
0142
0150
0160
0170
0180
0181
0184
0185
0186
0187
0188
0189
0190
0193
0199
0201
0203
0204
0205
0212
0221
0222
0223
0230
0233
0235
0241
0243
0246
0260
0299
0301
0302
0303
0304
0305
0306
0309
0312
0313
0316
0318
0319
0322
0326
0330
0332
0334
0335
0340
0341
0342
0343
0344
0345
0346
0350
0351
0355
0356
0357
0359
0360
0361
0362
0382
0385
0388
0389
0390
0391
0392
0393
0394
0399
0401
0403
0404
0405
0408
0410
0413
0414
0415
0430
0434
0435
0437
0440
0454
0455
0457
0458
0460
0462
0470
0471
0480
0482
0485
0486
0487
0493
0499
0501
0503
0504
0505
0510
0511
0512
0520
0525
0526
0530
0540
0544
0545
0560
0561
0590
0592
0599
0601
0602
0603
0610
0620
0621
0622
0625
0630
0631
0633
0635
0636
0638
0639
0640
0642
0644
0645
0646
0647
0648
0649
0651
0660
0661
0662
0664
0665
0667
0668
0669
0670
0671
0672
0673
0675
0679
0680
0681
0682
0683
0684
0685
0688
0690
0696
0698
0699
0701
0704
0799
0801
0802
0803
0804
0805
0806
0807
0808
0809
0810
0817
0818
0819
0828
0830
0840
0850
0854
0855
0856
0858
0861
0871
0873
0880
0881
0890
0892
0893
0894
0895
0896
0899
0901
0904
0905
0930
0945
0950
0962
0963
0967
0986
0987
0990
0991
0992
0993
0994
0995
0996
0998
0999
1001
1008
1010
1015
1016
1020
1021
1035
1040
1045
1046
1051
1054
1056
1060
1071
1081
1082
1083
1084
1087
1099
1101
1102
1103
1104
1105
1106
1107
1109
1130
1140
1144
1150
1152
1160
1163
1170
1171
1173
1176
1199
1210
1211
1221
1222
1224
1301
1306
1310
1311
1313
1315
1316
1320
1321
1330
1340
1341
1350
1360
1361
1370
1371
1372
1373
1374
1380
1382
1384
1386
1397
1399
1410
1411
1412
1420
1421
1499
1501
1510
1515
1520
1521
1529
1530
1531
1540
1550
1599
1601
1603
1630
1640
1654
1658
1667
1670
1699
1701
1702
1710
1712
1715
1720
1722
1724
1725
1728
1730
1740
1750
1755
1799
1801
1802
1805
1810
1811
1812
1815
1825
1854
1863
1889
1890
1895
1896
1897
1899
1910
1960
1980
1999
2001
2003
2005
2010
2030
2032
2050
2091
2099
2101
2102
2110
2111
2123
2130
2131
2132
2133
2134
2135
2144
2150
2151
2152
2154
2161
2181
2183
2185
2199
2210
2299
2501
2502
2504
2508
2511
2601
2602
2604
2606
2608
2610
2614
2650
2663
2690
2692
2801
2802
2805
2810
2854
2881
2892
3101
3103
3104
3105
3106
3111
3113
3114
3301
3306
3309
3314
3341
3359
3364
3378
3401
3410
3414
3416
3417
3422
3428
3431
3501
3502
3506
3507
3508
3511
3512
3515
3543
3545
3546
3566
3601
3602
3603
3604
3605
3606
3608
3609
3610
3611
3653
3701
3702
3703
3705
3707
3708
3711
3712
3714
3716
3720
3722
3725
3727
3735
3736
3741
3769
3801
3802
3804
3806
3807
3808
3809
3812
3815
3816
3817
3818
3819
3820
3830
3858
3869
3872
3901
3910
3911
3919
3940
3941
3954
4001
4005
4010
4015
4101
4102
4103
4104
4157
4201
4203
4204
4206
4255
4301
4351
4352
4360
4361
4370
4371
4373
4374
4401
4402
4403
4405
4406
4407
4413
4414
4416
4417
4418
4419
4422
4425
4427
4441
4451
4504
4601
4602
4604
4605
4607
4614
4616
4618
4620
4639
4654
4701
4704
4706
4714
4715
4716
4717
4737
4740
4741
4742
4745
4747
4749
4754
4758
4801
4802
4804
4805
4806
4807
4808
4812
4814
4816
4818
4819
4839
4840
4841
4844
4845
4848
4850
4851
4855
5001
5003
5026
5031
5034
5035
5042
5048
5201
5205
5210
5212
5213
5220
5221
5222
5235
5301
5306
5307
5309
5310
5312
5313
5317
5318
5323
5324
5326
5330
5334
5335
5346
5350
5352
5364
5365
5378
5384
5401
5402
5403
5406
5407
5408
5409
5412
5413
5414
5415
5419
5421
5423
5424
5426
5427
5430
5433
5435
5438
5439
5440
5446
5450
5451
5454
5455
5473
5478
5479
5485
5486
5701
5702
5703
5704
5705
5706
5707
5716
5723
5724
5725
5729
5731
5734
5736
5737
5738
5751
5755
5767
5768
5782
5784
5786
5788
5801
5803
5806
5823
5851
5876
5901
5903
5906
5909
5912
5913
5914
5915
5917
5919
5921
5923
5924
5925
5926
5927
5928
5929
5930
5932
6003
6102
6104
6201
6501
6502
6505
6511
6517
6601
6605
6606
6610
6641
6651
6652
6656
6701
6705
6901
6902
6903
6904
6907
6908
6910
6912
6913
6914
6941
6954
6967
6968
7001
7002
7004
7006
7009
7010
7301
7304
7305
7306
7307
7401
7402
7404
7405
7407
7408
7420
7504
7601
7602
7603
7606
7640
7641
8201
8255
8268
8554
8601
8602
8610
8675
8801
8807
8810
8840
8852
8862
8863
8865
8882
9001
9003
9004
9055
9802
9803
9804
9805
9806
9807
9808
9809
9810
9811
9812
9813
9814
9815
9816
9817
9818
9819
9820
9821
9823
9824
9825
9826
9827
9828
9830
9831
9832
9833
9834
9835
9836
9837
9838
9839
9840
9841
9843
9845
9846
9847
9848
9849
9850
9851
9852
9853
9854
9855
9859
9860
9861
9862
9863
9865
9866
9869
9870
9871
9872
9873
9874
9875
9876
9877
9878
9879
9880
9881
9882
9883
9885
9888
9889
9890
9891
9892
9893
9894
9895
9896
9898
9899
9902
9904
9905
9906
9907
9908
9909
9910
9911
9913
9914
9915
9916
9917
9918
9919
9920
9921
9923
9924
9925
9927
9928
9929
9930
9931
9932
9933
9934
9935
9936
9939
9940
9942
9944
9945
9946
9947
9948
9949
9952
9953
9954
9955
9957
9959
9960
9961
9962
9963
9964
9965
9968
9969
9971
9972
9973
9974
9975
9976
9977
9978
9979
9980
9982
9983
9984
9985
9988
9989
9990
9991
9992
9993
9994
9995
9996
9997
9998
9999
