****
0000
0001
0006
0007
0008
0011
0017
0018
0019
0020
0021
0023
0025
0026
0028
0029
0030
0050
0060
0062
0072
0080
0081
0082
0083
0084
0085
0086
0089
0090
0095
0099
0101
0102
0105
0106
0107
0110
0119
0130
0131
0132
0134
0135
0136
0140
0142
0150
0160
0170
0180
0181
0184
0185
0186
0187
0188
0189
0190
0193
0199
0201
0203
0204
0205
0212
0221
0222
0223
0230
0233
0235
0241
0243
0244
0246
0260
0270
0299
0301
0302
0303
0304
0305
0306
0309
0312
0313
0316
0318
0319
0322
0324
0326
0330
0332
0334
0335
0340
0341
0342
0343
0344
0345
0346
0350
0351
0354
0355
0356
0357
0359
0360
0361
0362
0382
0385
0388
0389
0390
0391
0392
0393
0394
0399
0401
0403
0404
0405
0406
0408
0410
0413
0414
0415
0430
0434
0435
0436
0437
0440
0454
0455
0456
0457
0458
0460
0462
0470
0471
0480
0482
0485
0486
0487
0488
0493
0499
0501
0503
0504
0505
0510
0511
0512
0520
0525
0526
0530
0540
0541
0544
0545
0547
0560
0561
0570
0590
0592
0599
0601
0602
0603
0605
0610
0615
0620
0621
0622
0625
0630
0631
0633
0635
0636
0638
0639
0640
0642
0644
0645
0646
0647
0648
0649
0650
0651
0660
0661
0662
0664
0665
0667
0668
0669
0670
0671
0672
0673
0675
0679
0680
0681
0682
0683
0684
0685
0688
0690
0696
0698
0699
0701
0704
0799
0800
0801
0802
0803
0804
0805
0806
0807
0808
0809
0810
0817
0818
0819
0828
0830
0840
0850
0854
0855
0856
0858
0861
0871
0873
0880
0881
0890
0892
0893
0894
0895
0896
0899
0901
0904
0905
0930
0935
0945
0950
0954
0960
0962
0963
0965
0967
0986
0987
0990
0991
0992
0993
0994
0995
0996
0998
0999
1001
1008
1010
1015
1016
1020
1021
1025
1035
1040
1045
1046
1047
1051
1054
1056
1060
1071
1081
1082
1083
1084
1085
1087
1099
1101
1102
1103
1104
1105
1106
1107
1109
1130
1140
1144
1145
1146
1149
1150
1152
1160
1163
1165
1170
1171
1173
1176
1199
1202
1210
1211
1221
1222
1224
1301
1306
1310
1311
1313
1315
1316
1320
1321
1330
1340
1341
1350
1360
1361
1370
1371
1372
1373
1374
1380
1382
1384
1386
1397
1399
1410
1411
1412
1420
1421
1499
1501
1510
1515
1520
1521
1529
1530
1531
1540
1550
1599
1601
1603
1630
1640
1641
1654
1658
1666
1667
1670
1699
1701
1702
1710
1712
1715
1720
1722
1724
1725
1728
1730
1740
1750
1755
1799
1801
1802
1805
1810
1811
1812
1815
1820
1825
1850
1854
1860
1863
1889
1890
1891
1893
1894
1895
1896
1897
1899
1910
1960
1961
1980
1999
2001
2003
2005
2010
2030
2032
2050
2091
2099
2101
2102
2110
2111
2121
2123
2125
2130
2131
2132
2133
2134
2135
2144
2150
2151
2152
2154
2161
2181
2183
2185
2199
2210
2299
2501
2502
2504
2506
2507
2508
2509
2510
2511
2512
2513
2514
2549
2551
2558
2559
2600
2601
2602
2603
2604
2605
2606
2607
2608
2609
2610
2612
2613
2614
2615
2616
2617
2618
2619
2620
2621
2622
2641
2642
2643
2644
2645
2650
2651
2652
2653
2654
2656
2657
2658
2660
2661
2662
2663
2664
2668
2669
2670
2671
2675
2676
2677
2678
2679
2680
2681
2682
2683
2685
2687
2688
2689
2690
2691
2692
2693
2694
2696
2697
2698
2699
2703
2706
2708
2800
2801
2802
2803
2804
2805
2806
2807
2808
2809
2810
2840
2842
2851
2853
2854
2859
2861
2862
2864
2866
2870
2871
2873
2874
2877
2879
2881
2882
2883
2885
2886
2887
2890
2892
2893
2896
2899
2901
2902
2903
2949
3100
3101
3103
3104
3105
3106
3108
3110
3111
3113
3114
3115
3116
3117
3118
3120
3121
3124
3140
3143
3144
3151
3153
3154
3156
3158
3160
3165
3170
3180
3181
3182
3183
3184
3201
3202
3203
3204
3300
3301
3303
3305
3306
3308
3309
3310
3311
3312
3314
3341
3343
3345
3351
3352
3353
3354
3355
3357
3359
3360
3361
3362
3364
3365
3370
3372
3373
3374
3376
3378
3379
3382
3385
3386
3387
3392
3396
3398
3400
3401
3402
3403
3404
3406
3407
3409
3410
3411
3412
3413
3414
3415
3416
3417
3419
3420
3422
3424
3425
3428
3429
3430
3431
3432
3433
3441
3443
3451
3452
3453
3454
3455
3460
3461
3462
3463
3470
3474
3475
3477
3478
3487
3501
3502
3503
3504
3505
3506
3507
3508
3510
3511
3512
3514
3515
3542
3543
3544
3545
3546
3551
3554
3555
3560
3562
3563
3565
3566
3568
3569
3570
3576
3601
3602
3603
3604
3605
3606
3608
3609
3610
3611
3641
3653
3700
3701
3702
3703
3704
3705
3706
3707
3708
3709
3710
3711
3712
3713
3714
3716
3717
3718
3719
3720
3721
3722
3724
3725
3726
3727
3735
3736
3740
3741
3744
3751
3752
3753
3754
3755
3759
3761
3763
3764
3765
3767
3768
3769
3770
3771
3782
3783
3784
3800
3801
3802
3803
3804
3805
3806
3807
3808
3809
3810
3811
3812
3813
3814
3815
3816
3817
3818
3819
3820
3830
3843
3844
3846
3847
3851
3853
3854
3855
3856
3857
3858
3859
3860
3861
3862
3864
3867
3869
3870
3871
3872
3880
3881
3882
3900
3901
3903
3904
3906
3907
3908
3909
3910
3911
3912
3913
3914
3917
3918
3919
3940
3941
3954
3956
3957
4001
4002
4003
4005
4006
4008
4009
4010
4011
4012
4013
4015
4041
4100
4101
4102
4103
4104
4140
4141
4142
4143
4153
4157
4201
4202
4203
4204
4205
4206
4207
4209
4240
4244
4251
4255
4256
4301
4303
4351
4352
4353
4355
4360
4361
4370
4371
4373
4374
4382
4400
4401
4402
4403
4404
4405
4406
4407
4408
4409
4410
4411
4412
4413
4414
4416
4417
4418
4419
4420
4422
4423
4424
4425
4426
4427
4428
4429
4430
4431
4432
4433
4441
4442
4443
4450
4451
4452
4453
4460
4461
4462
4463
4501
4502
4503
4504
4505
4507
4508
4551
4553
4554
4601
4602
4603
4604
4605
4606
4607
4608
4609
4610
4611
4613
4614
4615
4616
4617
4618
4619
4620
4621
4622
4623
4639
4640
4643
4650
4651
4652
4653
4654
4655
4657
4658
4661
4663
4667
4700
4701
4702
4703
4704
4705
4706
4707
4712
4714
4715
4716
4717
4737
4739
4740
4741
4742
4743
4744
4745
4747
4748
4749
4752
4754
4755
4756
4757
4758
4759
4801
4802
4803
4804
4805
4806
4807
4808
4809
4810
4812
4813
4814
4815
4816
4817
4818
4819
4820
4839
4840
4841
4844
4845
4846
4848
4850
4851
4855
4870
4901
4902
5001
5002
5003
5004
5020
5021
5026
5030
5031
5034
5035
5039
5042
5048
5200
5201
5203
5204
5205
5206
5209
5210
5212
5213
5215
5216
5220
5221
5222
5230
5235
5301
5302
5303
5304
5306
5307
5308
5309
5310
5311
5312
5313
5314
5315
5317
5318
5319
5320
5321
5322
5323
5324
5325
5326
5327
5328
5329
5330
5334
5335
5338
5340
5342
5343
5344
5346
5347
5348
5350
5351
5352
5353
5355
5356
5357
5358
5360
5361
5362
5363
5364
5365
5366
5367
5368
5370
5371
5378
5380
5382
5384
5400
5401
5402
5403
5404
5405
5406
5407
5408
5409
5411
5412
5413
5414
5415
5416
5417
5418
5419
5420
5421
5422
5423
5424
5425
5426
5427
5428
5429
5430
5431
5433
5435
5436
5438
5439
5440
5446
5449
5450
5451
5452
5453
5454
5455
5456
5459
5460
5461
5462
5463
5466
5467
5468
5469
5470
5471
5472
5473
5478
5479
5480
5481
5482
5483
5485
5486
5501
5502
5504
5505
5601
5603
5604
5605
5607
5700
5701
5702
5703
5704
5705
5706
5707
5708
5709
5710
5711
5712
5713
5714
5715
5716
5717
5718
5719
5720
5721
5722
5723
5724
5725
5727
5728
5729
5730
5731
5732
5734
5736
5737
5738
5745
5746
5748
5749
5751
5752
5753
5754
5755
5756
5758
5759
5760
5761
5762
5764
5766
5767
5768
5780
5782
5784
5786
5788
5800
5801
5802
5803
5804
5805
5806
5807
5808
5809
5814
5816
5818
5822
5823
5825
5827
5828
5840
5841
5842
5843
5844
5845
5851
5852
5853
5857
5858
5859
5865
5866
5867
5870
5871
5872
5873
5874
5875
5876
5877
5878
5880
5881
5900
5901
5902
5903
5904
5905
5906
5907
5908
5909
5910
5911
5912
5913
5914
5915
5916
5917
5918
5919
5920
5921
5922
5923
5924
5925
5926
5927
5928
5929
5930
5931
5932
5945
5949
5950
5951
6000
6001
6002
6003
6004
6005
6006
6041
6101
6102
6103
6104
6105
6106
6148
6150
6200
6201
6203
6204
6205
6206
6207
6208
6210
6216
6248
6249
6251
6253
6500
6501
6502
6504
6505
6506
6507
6511
6512
6513
6514
6515
6516
6517
6552
6600
6601
6602
6604
6605
6606
6607
6608
6609
6610
6611
6612
6613
6640
6641
6642
6643
6645
6651
6652
6654
6656
6657
6659
6660
6662
6664
6665
6700
6701
6702
6703
6704
6705
6706
6901
6902
6903
6904
6905
6906
6907
6908
6910
6911
6912
6913
6914
6940
6941
6945
6946
6951
6954
6955
6956
6957
6958
6959
6960
6961
6962
6963
6964
6965
6966
6967
6968
6969
7001
7002
7003
7004
7005
7006
7007
7008
7009
7010
7051
7053
7054
7055
7057
7059
7060
7069
7070
7301
7302
7303
7304
7305
7306
7307
7308
7351
7352
7353
7354
7355
7356
7357
7400
7401
7402
7403
7404
7405
7406
7407
7408
7409
7410
7420
7441
7453
7454
7455
7465
7501
7502
7504
7555
7601
7602
7603
7604
7605
7606
7607
7640
7641
7642
7643
7644
7652
7655
7667
7701
7702
7703
7704
7706
8201
8251
8252
8253
8254
8255
8256
8259
8260
8262
8263
8265
8266
8268
8270
8271
8272
8274
8275
8276
8277
8278
8279
8280
8282
8283
8301
8351
8353
8354
8355
8401
8452
8453
8454
8455
8456
8457
8458
8459
8460
8501
8552
8553
8554
8555
8556
8570
8582
8601
8602
8610
8640
8645
8651
8652
8653
8658
8661
8662
8663
8664
8665
8670
8671
8672
8674
8675
8681
8682
8684
8685
8686
8687
8688
8689
8690
8691
8692
8701
8702
8703
8705
8706
8707
8755
8756
8757
8758
8759
8760
8800
8801
8803
8805
8806
8807
8810
8840
8851
8852
8853
8854
8855
8856
8858
8859
8861
8862
8863
8864
8865
8866
8870
8871
8872
8874
8875
8876
8877
8879
8880
8881
8882
8883
8886
8888
8890
8895
9001
9003
9004
9055
9094
9189
9802
9803
9804
9805
9806
9807
9808
9809
9810
9811
9812
9813
9814
9815
9816
9817
9818
9819
9820
9821
9822
9823
9824
9825
9826
9827
9828
9830
9831
9832
9833
9834
9835
9836
9837
9838
9839
9840
9841
9842
9843
9844
9845
9846
9847
9848
9849
9850
9851
9852
9853
9854
9855
9856
9857
9859
9860
9861
9862
9863
9865
9866
9867
9869
9870
9871
9872
9873
9874
9875
9876
9877
9878
9879
9880
9881
9882
9883
9885
9888
9889
9890
9891
9892
9893
9894
9895
9896
9898
9899
9902
9903
9904
9905
9906
9907
9908
9909
9910
9911
9912
9913
9914
9915
9917
9918
9919
9920
9921
9923
9924
9925
9926
9927
9928
9929
9930
9931
9932
9933
9934
9935
9936
9939
9940
9941
9942
9944
9945
9946
9947
9949
9950
9951
9952
9953
9954
9955
9957
9959
9960
9961
9962
9963
9964
9965
9968
9969
9971
9972
9973
9974
9975
9976
9977
9978
9979
9980
9982
9983
9984
9985
9988
9989
9990
9991
9992
9993
9994
9995
9996
9997
9998
9999
