****
0000
0001
0006
0007
0008
0009
0011
0017
0018
0019
0020
0021
0023
0025
0026
0027
0028
0029
0030
0050
0060
0062
0072
0080
0081
0082
0083
0084
0085
0086
0089
0090
0095
0098
0099
0100
0101
0102
0105
0106
0107
0110
0119
0120
0130
0131
0132
0134
0135
0136
0140
0142
0150
0160
0170
0180
0181
0184
0185
0186
0187
0188
0189
0190
0193
0198
0199
0200
0201
0203
0204
0205
0212
0221
0222
0223
0230
0233
0235
0241
0243
0244
0246
0249
0260
0270
0279
0299
0300
0301
0302
0303
0304
0305
0306
0309
0312
0313
0316
0318
0319
0322
0324
0326
0330
0332
0334
0335
0340
0341
0342
0343
0344
0345
0346
0347
0350
0351
0354
0355
0356
0357
0359
0360
0361
0362
0379
0382
0385
0388
0389
0390
0391
0392
0393
0394
0398
0399
0401
0403
0404
0405
0406
0408
0410
0413
0414
0415
0421
0430
0434
0435
0436
0437
0440
0454
0455
0456
0457
0458
0459
0460
0462
0470
0471
0475
0480
0482
0485
0486
0487
0488
0493
0498
0499
0500
0501
0503
0504
0505
0510
0511
0512
0520
0525
0526
0530
0540
0541
0544
0545
0547
0560
0561
0570
0579
0580
0590
0592
0593
0598
0599
0601
0602
0603
0605
0610
0615
0620
0621
0622
0625
0630
0631
0633
0635
0636
0637
0638
0639
0640
0642
0644
0645
0646
0647
0648
0649
0650
0651
0660
0661
0662
0664
0665
0667
0668
0669
0670
0671
0672
0673
0675
0679
0680
0681
0682
0683
0684
0685
0688
0690
0695
0696
0698
0699
0701
0704
0799
0800
0801
0802
0803
0804
0806
0807
0808
0809
0810
0817
0818
0819
0828
0830
0840
0850
0854
0855
0856
0858
0861
0871
0873
0879
0880
0881
0890
0892
0893
0894
0895
0896
0898
0899
0901
0904
0905
0920
0930
0935
0942
0945
0950
0954
0958
0960
0962
0963
0965
0967
0986
0987
0990
0991
0992
0993
0994
0995
0996
0997
0998
0999
1001
1008
1010
1015
1016
1019
1020
1021
1035
1040
1045
1046
1047
1048
1051
1054
1056
1060
1071
1081
1082
1083
1084
1085
1087
1098
1099
1100
1101
1102
1103
1104
1105
1106
1107
1109
1130
1135
1139
1140
1144
1145
1146
1147
1149
1150
1152
1160
1161
1162
1163
1165
1169
1170
1171
1173
1176
1198
1199
1200
1202
1210
1211
1220
1221
1222
1223
1224
1225
1226
1241
1269
1289
1299
1301
1306
1310
1311
1313
1315
1316
1320
1321
1330
1340
1341
1350
1360
1361
1370
1371
1372
1373
1374
1380
1382
1384
1386
1397
1398
1399
1410
1411
1412
1420
1421
1498
1499
1501
1510
1515
1520
1521
1529
1530
1531
1540
1541
1550
1579
1598
1599
1601
1603
1630
1640
1641
1654
1658
1659
1666
1667
1670
1699
1701
1702
1710
1712
1715
1720
1724
1725
1726
1728
1730
1740
1750
1755
1799
1801
1802
1805
1810
1811
1812
1813
1815
1816
1820
1822
1825
1831
1849
1850
1854
1855
1860
1862
1863
1864
1881
1884
1889
1890
1891
1892
1893
1894
1895
1896
1897
1898
1899
1910
1960
1961
1980
1981
1999
2001
2003
2005
2010
2030
2032
2050
2091
2099
2101
2102
2110
2111
2121
2123
2125
2130
2131
2132
2133
2134
2135
2139
2144
2150
2151
2152
2154
2161
2181
2183
2185
2186
2199
2210
2219
2299
2501
2502
2504
2506
2507
2508
2509
2511
2601
2602
2604
2606
2608
2610
2613
2614
2615
2616
2619
2620
2650
2651
2656
2661
2663
2676
2680
2681
2683
2690
2691
2696
2698
2703
2704
2708
2801
2802
2803
2804
2805
2806
2807
2808
2809
2810
2843
2844
2851
2854
2855
2857
2864
2868
2873
2880
2882
2886
2892
2895
2901
2902
2903
3101
3102
3103
3104
3105
3106
3108
3110
3111
3113
3114
3117
3119
3121
3122
3124
3144
3153
3158
3159
3165
3170
3180
3201
3202
3203
3204
3239
3301
3303
3305
3306
3308
3309
3310
3314
3341
3345
3355
3356
3357
3359
3360
3361
3362
3364
3365
3366
3381
3382
3394
3401
3402
3403
3405
3406
3410
3412
3413
3414
3415
3416
3417
3420
3422
3423
3424
3426
3429
3430
3431
3433
3441
3442
3443
3451
3452
3453
3461
3470
3474
3487
3488
3501
3502
3503
3504
3505
3506
3507
3508
3511
3512
3513
3514
3515
3540
3541
3542
3543
3546
3554
3555
3560
3562
3565
3566
3568
3569
3570
3576
3601
3602
3603
3604
3605
3606
3607
3608
3609
3610
3611
3640
3653
3701
3702
3703
3704
3705
3707
3708
3709
3711
3712
3714
3715
3716
3719
3721
3725
3726
3727
3735
3741
3742
3743
3744
3745
3750
3754
3755
3756
3757
3765
3767
3768
3783
3801
3802
3803
3804
3805
3806
3807
3808
3809
3811
3812
3815
3816
3817
3818
3820
3830
3831
3832
3833
3847
3851
3856
3860
3869
3880
3881
3901
3902
3903
3907
3909
3910
3911
3913
3914
3918
3919
3940
3941
3954
3956
3957
4001
4005
4006
4007
4010
4011
4012
4015
4040
4101
4102
4103
4104
4105
4110
4139
4140
4141
4142
4201
4202
4203
4204
4205
4206
4207
4208
4209
4240
4251
4255
4256
4301
4351
4352
4360
4361
4370
4373
4382
4400
4401
4402
4403
4404
4405
4406
4407
4408
4410
4411
4412
4413
4414
4415
4416
4417
4418
4419
4420
4421
4423
4424
4425
4426
4427
4428
4429
4430
4431
4432
4433
4440
4441
4442
4443
4444
4445
4446
4447
4448
4449
4450
4451
4452
4454
4460
4462
4463
4501
4502
4504
4508
4554
4601
4602
4603
4604
4605
4606
4607
4608
4609
4610
4611
4613
4614
4616
4617
4618
4619
4620
4621
4639
4641
4642
4643
4646
4650
4651
4652
4653
4655
4661
4662
4700
4701
4702
4703
4704
4705
4706
4707
4712
4714
4715
4716
4717
4737
4739
4740
4741
4742
4743
4744
4745
4746
4747
4748
4749
4752
4754
4755
4756
4757
4758
4759
4801
4803
4804
4805
4806
4807
4808
4814
4819
4820
4838
4839
4840
4841
4843
4845
4848
4849
4855
5001
5002
5003
5004
5010
5012
5013
5014
5015
5017
5018
5020
5021
5022
5025
5026
5027
5028
5029
5030
5031
5032
5033
5034
5035
5036
5037
5038
5039
5040
5042
5043
5044
5045
5046
5048
5200
5201
5202
5203
5204
5205
5206
5209
5210
5212
5213
5215
5216
5220
5221
5222
5230
5301
5302
5303
5304
5306
5307
5309
5310
5311
5312
5313
5315
5317
5318
5319
5323
5324
5325
5326
5328
5330
5334
5335
5339
5340
5341
5342
5343
5344
5345
5348
5349
5350
5351
5352
5358
5359
5360
5361
5364
5366
5378
5380
5384
5400
5401
5402
5403
5404
5405
5406
5407
5408
5409
5412
5413
5414
5415
5417
5418
5419
5420
5421
5423
5424
5425
5426
5427
5428
5432
5433
5435
5436
5437
5438
5439
5440
5441
5444
5446
5447
5448
5449
5450
5451
5452
5454
5455
5459
5460
5462
5463
5467
5468
5469
5470
5475
5477
5478
5479
5480
5484
5485
5486
5502
5503
5504
5505
5601
5602
5603
5604
5605
5606
5607
5608
5609
5610
5611
5612
5613
5614
5615
5616
5617
5618
5619
5620
5621
5622
5700
5701
5702
5703
5704
5705
5706
5707
5708
5709
5710
5711
5712
5713
5714
5715
5716
5717
5718
5719
5721
5722
5723
5724
5725
5726
5727
5728
5729
5730
5732
5734
5736
5737
5738
5739
5741
5742
5744
5745
5746
5747
5748
5749
5751
5752
5753
5754
5755
5756
5759
5761
5762
5763
5766
5782
5784
5786
5788
5801
5802
5803
5804
5805
5806
5809
5814
5818
5821
5823
5825
5828
5840
5841
5843
5845
5851
5852
5853
5857
5859
5865
5866
5872
5873
5874
5875
5876
5878
5900
5901
5903
5905
5906
5907
5908
5909
5910
5911
5912
5913
5918
5919
5921
5925
5926
5928
5929
5930
5931
5932
5943
5944
5945
5946
5947
5948
5949
5950
5951
6001
6002
6003
6004
6005
6006
6040
6042
6101
6102
6103
6104
6105
6106
6129
6146
6148
6149
6150
6200
6201
6203
6204
6206
6207
6208
6210
6239
6240
6249
6253
6501
6502
6506
6510
6517
6601
6610
6641
6652
6654
6657
6661
6664
6701
6703
6704
6705
6706
6901
6902
6903
6904
6905
6907
6908
6910
6911
6912
6913
6914
6920
6941
6951
6954
6955
6956
6957
6958
6959
6960
6961
6962
6964
6965
6966
6967
6968
7001
7002
7003
7004
7006
7007
7008
7009
7051
7053
7056
7057
7089
7129
7279
7301
7302
7303
7304
7305
7306
7307
7309
7351
7356
7357
7401
7402
7403
7404
7405
7407
7408
7410
7441
7453
7454
7455
7494
7501
7502
7503
7504
7540
7601
7602
7603
7606
7607
7640
7641
7642
7643
7644
7655
7701
7702
7703
7704
7705
7706
7740
8079
8129
8199
8201
8219
8229
8249
8255
8260
8268
8301
8401
8554
8580
8601
8602
8610
8701
8705
8800
8801
8840
8851
8852
8853
8862
8865
8870
8875
8880
8888
8897
9001
9003
9094
9129
9279
9801
9802
9803
9805
9806
9807
9810
9812
9814
9817
9819
9822
9825
9826
9827
9828
9829
9830
9831
9834
9838
9841
9842
9850
9853
9856
9858
9859
9861
9865
9866
9867
9873
9874
9879
9880
9882
9885
9888
9889
9894
9896
9897
9898
9899
9901
9902
9904
9905
9906
9909
9916
9917
9920
9921
9923
9924
9925
9926
9927
9928
9931
9932
9933
9934
9936
9940
9944
9954
9957
9959
9960
9961
9963
9965
9968
9971
9972
9973
9976
9982
9984
9988
9989
9998
9999
